3
71 88 48 26 
1 -1 0 0 -1 1 0 1 -1 -1 -1 0 1 1 -1 0 -1 0 1 0 -1 -1 1 -1 -1 -1 0 0 1 0 0 0 -1 0 -1 1 0 0 0 1 1 -1 0 1 0 -1 1 0 1 0 0 0 0 0 0 1 1 1 -1 0 1 -1 1 1 1 0 0 0 0 -1 0 0 -1 0 0 -1 -1 -1 -1 0 -1 1 0 1 0 1 0 -1 
1 1 0 -1 -1 1 -1 0 1 1 0 1 1 1 -1 0 -1 0 0 0 0 1 0 0 0 1 1 0 0 0 -1 1 1 -1 -1 0 0 1 -1 0 1 0 0 1 1 0 1 -1 1 1 0 -1 1 -1 1 0 1 1 -1 -1 1 0 0 0 -1 -1 1 1 1 -1 0 0 1 0 1 1 0 -1 0 0 -1 -1 1 0 0 -1 1 -1 
0 0 -1 1 1 1 -1 -1 1 -1 -1 1 -1 -1 -1 -1 -1 -1 1 -1 1 -1 -1 1 -1 0 -1 -1 1 0 1 0 1 -1 -1 1 1 1 0 1 0 1 1 0 -1 0 -1 1 0 1 1 1 1 -1 0 -1 0 0 -1 1 -1 0 0 0 -1 -1 -1 0 -1 -1 1 1 1 0 1 -1 0 0 1 -1 0 -1 0 1 -1 0 1 0 
0 0 1 1 -1 -1 -1 1 1 0 -1 1 1 0 0 -1 -1 1 1 0 0 0 -1 0 0 0 1 0 0 0 -1 -1 0 1 0 0 -1 1 -1 1 1 1 -1 1 -1 -1 -1 0 1 -1 -1 1 0 -1 -1 0 1 0 1 1 1 -1 -1 0 0 0 -1 -1 1 -1 0 1 0 1 1 1 0 0 1 -1 -1 0 -1 -1 0 1 1 0 
1 -1 1 -1 0 -1 0 0 0 0 -1 -1 1 -1 1 0 1 1 1 0 -1 0 -1 0 1 -1 0 1 1 0 0 0 0 1 0 1 1 1 -1 0 -1 1 1 0 1 -1 -1 1 0 0 0 1 -1 0 -1 0 -1 0 0 -1 1 1 0 -1 0 0 0 1 1 0 0 -1 0 1 0 -1 1 -1 -1 1 0 0 0 1 -1 1 1 1 
0 0 0 1 1 0 0 -1 -1 -1 1 1 0 -1 -1 -1 0 -1 1 1 0 -1 0 -1 0 -1 1 1 0 1 0 0 0 1 0 -1 1 1 -1 0 -1 -1 0 0 1 0 -1 1 1 -1 1 1 0 -1 -1 -1 -1 0 0 -1 1 1 1 1 0 1 -1 -1 0 0 0 0 0 0 -1 0 1 1 1 1 0 -1 1 0 -1 1 -1 -1 
-1 1 1 0 1 -1 1 -1 -1 1 1 0 0 1 0 1 1 1 0 0 1 0 1 -1 -1 1 1 0 -1 1 0 -1 0 -1 -1 -1 -1 1 0 1 0 1 0 0 0 -1 0 0 1 0 1 0 0 0 1 -1 -1 -1 0 1 -1 0 -1 -1 1 1 1 -1 0 0 0 1 0 0 0 0 0 0 0 1 1 0 0 -1 0 1 1 0 
1 0 1 -1 -1 0 1 -1 1 -1 -1 1 0 -1 0 -1 1 -1 -1 1 0 -1 0 -1 -1 0 -1 -1 1 0 -1 1 -1 -1 -1 0 0 0 -1 1 0 1 1 -1 0 -1 1 0 1 1 1 1 0 1 1 1 1 -1 1 1 1 0 -1 0 -1 1 -1 -1 -1 0 0 1 1 1 -1 1 1 -1 1 1 0 1 -1 -1 0 -1 -1 1 
1 1 1 -1 0 1 0 -1 1 1 0 -1 1 -1 1 0 -1 -1 1 0 0 1 0 1 -1 1 -1 -1 1 0 0 -1 1 0 1 1 1 1 1 0 1 -1 -1 1 1 0 -1 0 -1 -1 1 0 0 -1 1 -1 1 0 -1 1 -1 1 0 0 1 0 1 0 0 0 1 1 0 -1 -1 1 1 0 0 1 -1 0 1 -1 0 1 -1 -1 
0 1 1 -1 1 0 1 1 -1 1 0 -1 -1 0 0 -1 1 1 1 0 -1 0 1 1 1 -1 -1 0 0 1 -1 -1 -1 1 0 -1 -1 -1 1 0 -1 0 1 0 -1 1 -1 1 0 -1 0 1 1 -1 0 -1 -1 -1 1 0 0 1 0 0 0 0 1 -1 1 1 0 1 0 0 1 0 1 0 -1 0 1 0 -1 0 0 -1 -1 -1 
1 -1 0 0 -1 0 -1 1 0 -1 0 -1 1 0 1 1 0 1 -1 1 -1 -1 1 0 1 0 0 1 0 0 1 1 1 1 0 0 0 1 1 1 0 1 0 1 -1 0 1 0 0 -1 1 0 1 0 0 -1 -1 1 -1 1 0 0 1 -1 1 1 -1 -1 -1 1 1 -1 1 -1 1 -1 1 1 0 0 -1 1 0 0 0 -1 1 1 
1 -1 -1 0 -1 0 0 0 -1 1 0 -1 0 -1 -1 1 -1 1 0 -1 0 0 1 0 -1 -1 -1 -1 1 1 -1 1 0 1 1 1 -1 1 1 1 -1 0 1 1 -1 0 0 1 0 1 1 1 1 1 -1 1 -1 -1 -1 1 -1 1 1 0 0 0 0 0 0 0 -1 0 1 0 1 -1 1 -1 -1 -1 0 -1 -1 1 1 0 -1 1 
-1 1 0 0 -1 1 1 -1 0 1 -1 -1 0 1 0 1 1 1 1 -1 -1 0 -1 0 -1 -1 -1 0 -1 0 -1 0 1 -1 0 -1 -1 -1 -1 -1 -1 -1 -1 0 0 1 0 -1 -1 -1 0 0 -1 1 0 1 -1 0 1 -1 0 0 1 0 0 -1 1 0 1 0 0 -1 -1 1 0 0 0 1 -1 -1 0 -1 0 1 -1 -1 1 0 
0 1 -1 1 1 1 1 1 -1 0 0 1 -1 -1 1 -1 -1 0 1 0 0 1 1 1 0 -1 1 1 1 1 1 -1 -1 -1 -1 1 -1 -1 -1 -1 1 1 0 -1 -1 1 -1 0 0 1 -1 1 0 0 -1 1 1 1 1 1 1 -1 0 0 1 0 1 1 -1 -1 1 1 -1 1 1 -1 -1 0 1 -1 0 1 -1 -1 0 0 -1 1 
1 0 0 0 0 1 0 1 1 0 1 -1 0 1 1 0 1 -1 1 1 -1 -1 0 0 1 1 1 1 -1 0 -1 -1 1 -1 0 1 -1 1 -1 1 1 1 1 0 1 1 0 0 1 0 1 1 -1 1 1 -1 1 1 0 0 -1 1 0 0 1 1 -1 0 0 0 -1 -1 1 1 -1 0 0 1 0 1 1 1 -1 1 1 0 1 1 
0 -1 -1 -1 -1 1 0 -1 1 0 -1 1 1 0 0 0 0 1 0 0 -1 0 0 0 0 -1 -1 0 0 0 1 0 -1 -1 -1 1 1 0 1 0 1 0 -1 1 0 0 -1 -1 -1 -1 0 0 -1 0 1 0 -1 1 0 1 0 0 1 -1 1 0 -1 1 0 1 0 0 0 -1 0 0 -1 0 -1 -1 1 0 -1 -1 -1 0 -1 -1 
1 -1 1 -1 1 1 0 -1 0 -1 1 -1 1 1 1 -1 0 0 0 1 1 0 -1 1 0 -1 1 -1 1 0 0 0 1 -1 1 1 -1 1 0 0 0 1 0 0 0 0 -1 0 0 -1 -1 -1 -1 0 1 1 -1 1 0 1 1 -1 0 -1 -1 -1 -1 -1 0 1 0 1 0 0 -1 1 0 -1 1 -1 1 1 1 -1 1 1 -1 -1 
-1 -1 -1 0 -1 0 -1 -1 0 -1 0 1 -1 -1 1 0 1 0 1 -1 -1 1 0 -1 0 0 -1 1 -1 -1 1 0 0 -1 0 -1 1 -1 0 0 1 0 1 1 1 -1 0 -1 1 1 0 1 1 -1 1 0 0 0 -1 1 0 0 0 1 1 0 0 -1 -1 0 1 -1 0 1 1 1 -1 0 -1 -1 -1 -1 0 1 -1 1 1 0 
0 -1 -1 0 0 0 -1 -1 0 0 0 0 1 -1 0 0 0 -1 -1 -1 1 0 0 1 0 0 0 1 -1 0 -1 -1 1 -1 0 -1 -1 1 1 -1 -1 0 -1 1 -1 1 1 0 0 0 1 1 -1 -1 1 -1 -1 1 1 1 0 1 1 0 -1 -1 -1 -1 0 1 1 0 0 0 1 -1 0 1 -1 0 1 1 -1 -1 1 -1 1 1 
1 1 0 1 0 -1 -1 -1 1 1 1 1 1 -1 0 0 1 1 1 0 0 1 0 1 0 0 1 1 1 0 -1 -1 0 -1 0 0 1 -1 0 0 1 1 -1 0 1 -1 1 -1 0 -1 0 -1 1 0 -1 -1 0 -1 0 -1 0 0 -1 1 1 0 -1 1 -1 -1 0 -1 -1 0 1 0 1 0 0 0 0 0 -1 0 0 1 -1 -1 
1 1 1 0 -1 0 1 -1 1 0 -1 -1 1 0 -1 1 0 1 -1 1 1 0 1 0 -1 0 1 0 -1 0 -1 -1 0 1 0 1 -1 1 0 1 1 1 -1 -1 1 -1 0 -1 -1 0 0 1 0 0 0 -1 0 0 -1 -1 1 0 1 1 1 1 0 -1 1 -1 1 -1 -1 -1 1 1 -1 0 -1 0 -1 1 -1 0 -1 1 1 -1 
-1 1 0 1 0 -1 0 0 0 1 -1 1 0 1 -1 1 1 1 0 1 1 -1 -1 -1 -1 0 0 -1 1 1 0 0 1 -1 1 0 1 0 1 -1 0 -1 1 0 0 0 1 -1 1 1 0 -1 1 0 0 0 0 -1 0 -1 -1 -1 0 0 -1 1 -1 -1 -1 1 1 -1 -1 0 -1 0 -1 1 0 0 1 1 0 0 0 0 0 0 
1 1 1 1 0 0 -1 1 -1 -1 0 1 0 -1 1 0 1 0 1 -1 -1 -1 1 1 -1 0 -1 0 1 0 1 0 0 1 0 -1 0 0 0 1 -1 -1 -1 1 1 1 1 -1 -1 -1 0 0 0 0 0 0 0 0 0 0 -1 0 0 -1 1 1 -1 -1 0 -1 -1 1 1 1 -1 1 0 1 1 1 0 -1 0 0 1 1 -1 0 
0 -1 -1 -1 -1 0 0 0 1 -1 -1 -1 1 0 -1 -1 0 -1 1 -1 0 1 -1 1 1 0 -1 0 -1 1 1 1 -1 -1 0 1 1 1 1 1 -1 -1 -1 -1 1 0 0 1 -1 1 1 -1 1 -1 0 1 -1 0 -1 -1 0 -1 0 1 0 -1 -1 0 -1 0 -1 0 1 0 0 1 1 1 0 0 1 0 -1 0 0 1 -1 -1 
0 0 1 0 1 1 1 1 1 0 1 0 -1 0 -1 -1 -1 0 1 -1 1 0 1 -1 -1 -1 0 -1 0 0 0 0 1 -1 1 1 0 0 0 -1 -1 -1 -1 0 1 -1 0 -1 1 1 0 1 -1 1 1 -1 -1 1 -1 -1 -1 -1 0 -1 1 0 -1 1 1 -1 1 1 1 -1 -1 -1 -1 1 0 -1 0 0 0 -1 0 0 0 0 
-1 1 1 0 1 1 1 -1 0 -1 -1 -1 0 0 1 1 0 0 0 -1 -1 -1 0 1 -1 -1 -1 -1 -1 -1 -1 -1 1 -1 -1 1 -1 0 -1 -1 1 -1 1 -1 0 -1 0 0 1 0 -1 0 -1 -1 -1 1 -1 1 1 -1 0 1 0 1 1 0 0 1 -1 0 0 1 1 0 -1 1 -1 0 -1 -1 0 1 1 1 1 -1 0 0 
1 1 -1 1 1 -1 1 -1 0 1 -1 -1 0 0 -1 1 1 0 0 1 -1 1 1 0 -1 -1 1 1 -1 0 -1 1 0 1 -1 1 0 0 0 1 -1 -1 -1 -1 1 -1 -1 0 -1 -1 1 -1 -1 -1 -1 -1 -1 1 -1 0 0 1 0 0 0 0 -1 1 1 0 1 1 -1 -1 0 -1 -1 -1 1 0 -1 0 0 0 0 1 1 1 
1 -1 0 -1 0 1 0 0 0 1 0 -1 1 0 0 1 0 -1 1 -1 1 1 1 1 -1 0 0 -1 0 -1 -1 -1 1 1 0 -1 -1 1 -1 0 0 -1 1 0 -1 0 0 0 -1 1 1 1 0 1 1 0 1 0 -1 1 0 -1 -1 1 -1 -1 -1 0 0 1 -1 -1 1 -1 0 1 -1 0 1 0 1 0 0 -1 0 0 -1 -1 
1 -1 0 -1 1 -1 0 1 -1 1 0 0 -1 1 1 1 1 1 1 0 -1 1 -1 -1 0 0 -1 0 0 1 -1 -1 1 1 -1 1 0 0 -1 1 -1 0 1 1 1 -1 -1 1 -1 1 0 1 0 1 1 1 -1 1 -1 1 1 0 -1 -1 0 1 0 0 0 -1 1 -1 0 1 -1 1 0 1 1 1 -1 -1 0 -1 0 0 0 1 
-1 1 1 1 1 1 -1 0 -1 1 0 -1 0 0 1 -1 1 -1 1 -1 -1 0 1 1 1 1 0 -1 0 1 1 1 -1 -1 1 0 0 -1 -1 0 1 0 -1 1 -1 1 1 1 1 1 1 0 0 -1 -1 1 1 1 0 0 -1 1 -1 1 0 1 -1 0 1 0 0 0 -1 1 0 0 0 0 0 0 0 1 0 -1 0 1 1 -1 
1 -1 0 -1 -1 0 1 -1 0 -1 0 -1 -1 1 1 0 1 -1 -1 1 -1 1 -1 0 -1 0 0 0 -1 1 0 0 0 -1 0 -1 -1 -1 0 -1 0 1 -1 1 0 1 0 0 -1 1 -1 1 0 1 0 1 -1 -1 0 -1 0 0 -1 -1 0 -1 1 1 1 -1 0 0 -1 1 -1 1 -1 -1 -1 -1 0 0 0 0 -1 1 -1 1 
0 1 0 0 0 -1 0 0 -1 1 1 0 -1 0 -1 0 -1 1 -1 -1 0 1 0 0 -1 -1 -1 -1 -1 1 -1 0 -1 -1 -1 0 -1 -1 1 -1 1 -1 1 -1 0 -1 -1 -1 -1 0 -1 0 -1 -1 0 0 0 1 0 1 0 0 1 -1 1 0 -1 -1 -1 1 1 -1 1 0 0 1 1 -1 -1 0 1 0 -1 0 1 -1 0 1 
1 1 1 1 -1 0 0 -1 -1 0 -1 1 0 1 -1 -1 0 1 1 -1 1 0 0 0 -1 0 -1 -1 1 1 -1 0 0 1 -1 0 0 1 1 0 1 -1 -1 1 0 -1 0 -1 0 -1 1 -1 1 0 1 -1 1 0 1 1 0 -1 1 0 1 1 0 0 0 1 -1 -1 0 0 1 0 0 -1 1 -1 0 1 -1 0 1 -1 -1 -1 
0 -1 -1 0 -1 -1 1 1 1 1 1 0 -1 0 -1 -1 1 0 -1 -1 0 0 1 1 1 -1 0 1 1 -1 0 0 0 -1 -1 0 1 0 0 -1 1 -1 1 -1 1 0 1 1 -1 0 1 0 -1 0 0 1 -1 1 0 -1 0 1 0 0 0 1 0 0 0 0 1 0 -1 1 0 1 0 -1 1 -1 0 1 -1 -1 -1 0 0 0 
0 0 0 1 1 -1 0 0 0 1 -1 0 0 1 -1 1 -1 0 -1 0 0 0 0 0 -1 -1 1 -1 1 -1 1 0 1 1 0 1 0 -1 1 0 -1 0 1 1 -1 -1 1 0 1 -1 1 1 0 0 -1 -1 -1 1 0 -1 1 1 1 0 -1 1 1 0 0 -1 -1 1 0 0 -1 1 0 1 -1 -1 1 1 1 0 1 0 1 0 
0 0 1 1 1 0 -1 1 -1 1 1 -1 0 1 -1 -1 0 1 -1 1 -1 0 1 -1 1 1 -1 -1 0 1 -1 1 -1 0 0 -1 1 1 -1 0 1 -1 1 1 1 1 -1 1 0 0 0 -1 0 -1 -1 1 -1 0 0 -1 -1 0 1 -1 -1 -1 0 1 1 0 -1 -1 1 0 0 0 0 0 -1 1 -1 -1 -1 1 -1 0 0 -1 
-1 -1 1 -1 1 0 1 -1 1 0 1 1 1 0 -1 -1 0 0 0 -1 0 0 1 -1 -1 -1 0 1 -1 0 0 -1 0 0 -1 1 0 1 1 1 1 0 -1 0 1 -1 -1 0 -1 1 -1 -1 0 1 1 -1 1 -1 0 0 0 0 1 0 -1 0 1 1 0 -1 -1 -1 1 0 1 0 0 -1 1 -1 1 1 0 1 0 1 1 -1 
-1 1 -1 -1 0 0 1 1 1 0 -1 0 1 1 1 0 1 -1 1 0 1 0 -1 0 1 1 1 -1 1 -1 -1 1 -1 -1 1 -1 0 1 1 -1 1 -1 1 -1 1 0 0 1 -1 -1 -1 1 1 -1 0 1 -1 -1 -1 0 0 1 -1 0 0 -1 0 1 1 -1 1 1 -1 -1 0 1 1 -1 -1 1 -1 0 0 1 -1 -1 1 -1 
-1 1 1 0 -1 1 1 -1 -1 1 -1 -1 1 0 1 0 0 0 0 1 0 -1 1 1 -1 0 -1 0 1 -1 0 1 1 0 1 1 1 0 0 0 -1 1 1 -1 0 -1 0 -1 0 -1 0 0 0 0 -1 0 -1 -1 0 0 0 0 1 0 -1 -1 1 1 1 -1 1 -1 1 1 1 -1 -1 1 -1 0 -1 1 0 0 -1 0 -1 -1 
-1 -1 -1 0 -1 -1 0 -1 1 0 0 1 1 0 0 1 -1 -1 0 0 0 0 1 0 1 1 1 0 0 0 -1 -1 0 -1 -1 1 1 0 0 -1 1 0 0 1 1 1 0 -1 -1 1 -1 0 -1 1 -1 -1 0 0 -1 -1 1 1 1 0 1 -1 1 -1 1 0 -1 -1 -1 -1 0 -1 1 -1 0 1 0 1 -1 1 0 1 -1 1 
0 1 0 0 0 1 1 -1 0 1 0 1 0 1 0 -1 -1 -1 -1 1 -1 -1 -1 1 0 1 0 0 -1 -1 1 -1 1 -1 0 1 0 1 -1 -1 0 0 -1 1 1 -1 -1 0 0 0 -1 0 0 1 0 0 0 0 -1 1 1 0 0 -1 1 1 -1 0 1 0 -1 0 1 1 1 -1 1 0 1 -1 1 -1 0 0 0 -1 1 0 
0 -1 0 1 0 1 0 0 1 0 0 0 0 0 -1 0 1 1 -1 0 1 0 1 1 1 1 1 0 1 -1 -1 0 1 0 -1 0 -1 1 -1 0 0 1 0 0 -1 -1 -1 0 -1 0 -1 0 -1 -1 -1 1 -1 0 1 -1 1 1 -1 0 1 1 0 1 -1 -1 -1 1 0 1 -1 1 -1 -1 0 -1 -1 1 -1 0 1 1 1 -1 
0 -1 0 1 0 0 1 -1 1 1 1 1 0 1 0 0 1 1 0 1 0 0 1 -1 1 1 -1 -1 0 -1 0 -1 -1 -1 0 1 1 0 1 1 1 -1 0 0 1 0 0 0 -1 -1 1 1 1 0 -1 -1 1 0 -1 -1 1 -1 -1 0 -1 1 0 1 0 -1 0 -1 -1 1 0 1 1 1 1 1 0 -1 0 1 -1 1 0 -1 
1 0 1 0 0 -1 -1 -1 0 -1 0 0 -1 1 1 -1 -1 -1 1 -1 0 -1 0 1 0 -1 1 1 0 0 0 1 -1 -1 1 1 1 -1 -1 0 1 0 0 1 1 1 -1 0 1 -1 0 1 0 1 -1 -1 -1 1 0 -1 0 1 -1 0 -1 -1 -1 -1 -1 1 1 -1 1 0 0 0 -1 0 1 1 0 -1 1 0 1 1 1 -1 
0 0 -1 1 1 -1 0 1 0 0 -1 1 0 0 -1 0 1 1 0 -1 1 0 -1 -1 0 -1 -1 1 1 0 0 1 1 1 1 1 -1 0 0 1 1 1 1 -1 0 -1 -1 1 1 -1 1 1 -1 0 1 -1 -1 1 0 0 -1 1 0 -1 0 -1 1 1 1 0 1 1 0 1 0 0 0 0 1 -1 0 -1 0 -1 0 0 -1 1 
1 1 -1 1 0 -1 1 0 1 1 -1 1 0 0 -1 -1 0 0 -1 0 -1 -1 0 0 0 -1 0 0 0 1 0 1 -1 -1 0 0 1 0 1 0 1 0 0 -1 0 1 -1 0 -1 1 1 0 0 1 0 -1 -1 0 -1 1 1 -1 1 0 1 0 1 0 1 -1 -1 0 1 -1 0 -1 1 -1 -1 0 0 1 -1 -1 0 -1 0 1 
1 -1 0 0 0 1 0 1 0 1 1 0 0 1 1 0 0 0 1 1 -1 -1 0 1 0 -1 0 0 1 1 1 -1 -1 1 -1 -1 0 1 0 0 0 -1 1 -1 0 0 1 1 -1 0 -1 -1 0 -1 -1 0 -1 0 1 1 1 0 0 -1 1 0 0 1 0 -1 0 1 -1 1 -1 0 1 -1 1 -1 1 1 0 -1 -1 1 -1 -1 
0 0 -1 1 0 0 -1 -1 1 0 -1 1 0 1 1 -1 -1 -1 1 1 -1 0 1 0 -1 0 0 -1 0 0 0 1 0 1 -1 0 1 -1 0 0 -1 -1 0 -1 -1 0 1 1 1 1 -1 1 0 1 -1 0 -1 0 -1 -1 1 0 -1 -1 -1 1 0 1 1 1 -1 0 -1 0 1 -1 1 1 -1 -1 1 1 1 0 1 0 -1 0 
0 1 1 0 -1 0 1 1 0 1 -1 -1 -1 -1 -1 -1 0 0 -1 0 -1 1 -1 0 -1 0 -1 -1 0 0 -1 -1 -1 1 1 1 1 1 -1 1 -1 0 -1 1 1 -1 0 1 -1 0 0 -1 1 1 -1 -1 -1 0 -1 1 1 -1 0 -1 0 -1 0 0 -1 0 0 1 0 1 0 1 1 0 -1 1 1 -1 -1 1 1 0 -1 -1 
1 -1 0 -1 -1 1 1 1 0 1 0 1 0 -1 1 -1 0 1 1 -1 1 1 1 1 -1 1 0 -1 0 -1 1 0 1 0 1 0 -1 0 0 1 1 1 -1 1 -1 1 -1 -1 1 -1 0 0 1 -1 -1 -1 1 0 0 1 0 1 0 1 0 0 1 -1 0 1 -1 0 -1 -1 0 -1 -1 -1 0 -1 1 0 0 0 0 0 -1 0 
1 -1 0 0 -1 1 0 -1 1 0 0 0 -1 -1 -1 1 0 -1 1 1 0 1 1 -1 0 0 1 1 -1 1 0 0 1 1 0 1 0 1 -1 -1 0 1 1 -1 1 1 -1 0 -1 1 -1 0 1 1 0 -1 0 1 0 0 -1 0 -1 0 1 0 0 -1 0 1 -1 1 1 0 0 1 1 1 -1 0 1 0 1 -1 0 -1 1 0 
-1 -1 -1 -1 0 1 0 -1 -1 -1 0 -1 -1 -1 -1 -1 1 -1 -1 0 -1 1 0 -1 -1 -1 -1 1 1 1 -1 -1 1 1 1 -1 -1 -1 1 1 -1 -1 -1 0 -1 1 0 -1 1 0 0 -1 1 0 0 -1 0 0 -1 0 0 1 -1 0 0 -1 0 -1 0 1 0 -1 -1 0 0 1 1 1 -1 0 0 0 -1 0 0 -1 0 1 
0 0 0 0 0 1 0 0 0 -1 0 1 1 0 1 1 -1 -1 1 -1 1 1 1 -1 -1 0 1 1 1 0 0 0 0 -1 1 1 0 0 1 1 1 1 1 1 0 1 -1 -1 -1 1 -1 -1 1 1 0 -1 0 0 0 -1 -1 -1 1 -1 -1 1 1 1 -1 0 0 1 0 -1 -1 0 0 -1 0 1 -1 1 -1 1 1 -1 1 0 
-1 1 0 1 0 -1 1 0 0 0 0 1 1 0 0 -1 0 0 1 -1 -1 1 0 1 -1 -1 0 1 1 0 1 -1 -1 0 0 1 -1 0 0 1 0 0 1 0 -1 0 0 0 0 -1 0 0 0 -1 1 1 0 -1 0 -1 1 -1 -1 1 0 0 0 -1 -1 1 1 -1 0 -1 0 1 1 -1 1 0 0 0 0 1 1 -1 1 0 
1 0 -1 -1 0 -1 1 -1 -1 1 1 -1 0 1 1 1 0 -1 0 0 -1 1 -1 0 0 1 0 0 1 -1 1 0 1 0 -1 1 -1 0 -1 -1 -1 1 1 0 -1 -1 1 1 0 0 1 0 1 -1 0 1 -1 1 1 1 0 0 0 1 -1 1 0 -1 -1 -1 0 1 -1 0 1 0 1 -1 0 1 -1 1 1 0 0 1 -1 1 
1 -1 -1 0 -1 -1 0 -1 0 0 1 -1 0 1 -1 0 -1 0 1 0 -1 1 -1 0 1 1 0 0 -1 1 1 0 1 -1 -1 0 1 1 0 1 1 -1 1 0 0 0 1 0 0 1 -1 0 -1 -1 0 -1 0 0 -1 0 1 -1 1 -1 0 -1 0 -1 1 1 -1 0 1 -1 -1 0 0 1 -1 -1 1 1 0 -1 -1 -1 1 0 
1 -1 1 -1 1 1 -1 1 -1 1 -1 1 -1 0 -1 -1 -1 -1 -1 1 1 -1 0 1 1 -1 -1 0 0 1 1 0 0 1 1 0 0 1 0 0 -1 1 -1 1 1 -1 -1 -1 1 1 1 0 -1 -1 1 1 -1 1 -1 0 -1 0 0 0 -1 -1 1 -1 -1 1 1 0 0 -1 0 1 1 -1 1 1 1 -1 0 -1 1 0 -1 -1 
-1 1 -1 -1 0 -1 -1 -1 -1 1 -1 0 0 0 1 0 0 0 0 1 1 1 0 -1 -1 1 0 -1 1 0 1 0 -1 1 0 1 1 1 0 0 1 0 -1 1 -1 -1 1 -1 1 0 -1 -1 -1 1 1 1 1 0 1 1 -1 1 -1 -1 -1 0 1 1 -1 0 0 1 0 1 0 0 -1 1 -1 0 -1 -1 0 1 1 1 1 1 
0 0 1 1 1 0 1 -1 0 1 0 -1 1 -1 1 0 -1 0 -1 1 -1 1 0 0 -1 -1 1 1 -1 0 -1 0 1 0 1 1 -1 1 -1 -1 1 1 -1 -1 -1 0 -1 -1 1 -1 0 -1 -1 -1 1 0 0 -1 1 1 1 1 -1 -1 1 -1 -1 0 0 1 -1 -1 -1 -1 0 1 1 0 -1 0 1 1 -1 0 0 0 0 0 
-1 1 1 1 0 -1 1 -1 -1 0 -1 1 -1 1 -1 -1 -1 0 -1 -1 1 -1 0 0 1 0 -1 0 -1 1 0 -1 1 -1 1 -1 0 1 0 1 0 0 1 -1 0 1 -1 -1 0 0 0 -1 0 1 0 -1 -1 0 0 0 -1 1 -1 -1 1 -1 1 -1 0 -1 0 -1 0 0 1 1 1 -1 1 0 0 0 1 0 0 0 1 0 
-1 1 -1 0 1 1 1 -1 0 0 1 1 -1 0 0 0 1 -1 0 0 -1 1 -1 1 1 -1 0 1 -1 1 1 0 1 -1 1 0 0 -1 0 0 0 0 1 0 1 0 0 1 -1 1 1 0 0 1 1 -1 -1 0 0 -1 1 1 0 1 1 1 0 1 -1 0 1 -1 1 0 0 -1 -1 0 1 0 -1 -1 1 1 1 1 -1 -1 
-1 0 -1 -1 1 0 1 -1 -1 -1 1 -1 0 1 0 -1 1 0 1 1 -1 -1 1 0 1 1 -1 -1 -1 1 1 0 0 1 0 -1 -1 -1 0 -1 -1 1 0 -1 -1 1 0 0 0 0 0 -1 -1 -1 1 -1 0 0 1 0 0 -1 0 0 0 0 -1 1 0 -1 1 0 -1 -1 -1 1 -1 1 0 1 0 -1 0 0 1 0 1 1 
1 0 1 -1 0 1 -1 0 0 1 0 0 0 1 -1 -1 0 0 -1 -1 -1 0 -1 0 -1 1 0 0 -1 -1 0 0 -1 0 0 0 1 0 -1 0 1 0 -1 1 1 1 0 0 0 0 0 -1 -1 -1 1 -1 0 0 -1 1 1 1 0 0 0 0 0 -1 0 -1 0 -1 1 -1 1 -1 -1 0 -1 0 0 1 0 0 -1 1 -1 -1 
1 -1 1 0 -1 0 1 -1 -1 1 0 0 1 0 -1 1 1 1 0 -1 1 1 -1 -1 0 -1 -1 -1 1 1 0 1 0 1 -1 0 1 1 1 1 0 -1 0 0 0 0 1 1 1 0 1 -1 0 -1 1 1 0 -1 1 0 -1 -1 -1 0 1 0 -1 1 0 1 1 0 1 0 -1 -1 1 -1 1 0 1 0 1 0 1 1 1 0 
0 0 1 1 1 0 -1 0 1 0 1 -1 -1 -1 1 1 1 1 -1 0 0 -1 1 -1 1 -1 0 -1 0 0 -1 0 -1 0 -1 -1 1 -1 0 0 -1 -1 0 -1 -1 -1 1 0 -1 0 0 -1 -1 1 -1 0 -1 1 0 1 1 -1 1 -1 1 1 0 -1 -1 0 1 -1 -1 1 -1 0 0 1 0 1 0 0 1 -1 0 1 0 0 
0 1 -1 -1 1 1 -1 0 0 0 -1 0 1 0 1 -1 0 1 0 1 0 0 0 1 -1 -1 0 0 1 -1 -1 -1 1 1 0 -1 1 1 -1 0 -1 1 -1 1 0 1 0 -1 0 0 0 0 -1 1 -1 0 1 1 1 1 1 -1 -1 1 1 1 0 1 0 -1 -1 -1 -1 -1 -1 0 1 1 -1 1 0 1 0 1 0 0 -1 -1 
-1 1 0 -1 -1 1 1 1 0 0 -1 -1 1 -1 1 1 1 0 1 -1 1 0 1 0 0 -1 -1 1 -1 0 0 0 1 1 0 -1 1 1 -1 0 0 1 0 0 0 -1 1 1 0 -1 1 1 1 1 1 -1 -1 0 -1 -1 1 1 -1 0 0 -1 -1 -1 -1 -1 -1 -1 1 1 0 1 -1 0 -1 0 -1 0 -1 -1 -1 1 0 -1 
0 -1 1 -1 0 -1 1 1 -1 0 0 -1 -1 -1 0 0 1 0 1 0 0 0 -1 0 -1 0 1 0 1 1 0 0 1 -1 1 1 -1 1 0 1 1 0 1 -1 0 1 -1 0 1 0 0 0 -1 0 0 -1 0 0 0 -1 1 1 -1 0 1 -1 1 1 0 1 0 1 0 -1 -1 0 -1 0 -1 -1 0 -1 1 1 1 0 1 -1 
-1 0 1 -1 1 1 1 1 0 -1 0 1 0 1 1 1 -1 0 -1 1 1 1 1 0 0 -1 1 0 1 -1 1 0 1 -1 0 -1 -1 1 -1 0 1 0 1 1 1 0 0 0 1 0 1 1 1 -1 0 0 -1 0 1 0 1 -1 0 -1 -1 -1 -1 -1 0 1 1 0 1 1 0 0 0 1 -1 1 1 1 0 1 1 1 0 -1 
-1 0 -1 0 0 -1 1 0 1 0 0 0 0 -1 -1 0 0 -1 0 0 0 0 0 0 0 -1 0 1 -1 -1 1 1 0 1 1 0 0 0 1 0 1 -1 -1 1 0 -1 -1 1 0 0 1 -1 0 1 -1 0 0 -1 -1 1 1 0 0 1 0 1 -1 0 -1 1 1 -1 1 -1 1 0 1 0 1 -1 -1 0 0 1 0 1 0 0 
-1 -1 0 1 1 -1 1 -1 0 1 -1 1 1 0 -1 -1 1 0 -1 1 1 0 -1 0 -1 1 -1 0 -1 -1 0 -1 -1 1 0 -1 -1 0 1 1 1 -1 1 1 1 0 0 -1 1 -1 1 1 0 -1 1 1 0 -1 0 0 1 1 -1 -1 1 0 -1 0 0 0 1 -1 1 0 1 -1 0 1 1 0 -1 0 1 -1 1 1 -1 1 
-1 -1 -1 -1 0 1 0 -1 0 -1 1 0 1 0 0 0 -1 1 0 -1 1 1 0 -1 1 0 0 0 0 -1 0 1 1 0 -1 1 0 0 0 0 0 1 1 0 1 1 0 1 
1 0 1 0 0 -1 -1 0 -1 1 0 0 -1 0 1 0 1 0 1 -1 -1 -1 1 0 -1 1 0 1 1 -1 1 0 1 0 0 -1 0 -1 0 -1 0 1 -1 -1 0 1 -1 1 
-1 -1 0 0 1 -1 0 -1 0 1 -1 1 0 1 1 1 1 1 0 0 -1 1 0 0 1 0 -1 -1 1 1 -1 0 0 1 0 -1 0 1 1 -1 1 1 0 1 -1 1 1 -1 
-1 -1 0 1 1 0 -1 0 0 0 -1 0 0 0 0 0 1 -1 1 0 -1 1 1 0 -1 -1 0 0 -1 1 0 1 1 1 -1 -1 0 0 1 1 1 -1 -1 -1 0 -1 1 -1 
0 0 0 0 0 1 -1 -1 -1 1 -1 0 1 0 -1 -1 1 1 -1 0 0 1 0 1 -1 -1 1 0 1 -1 1 0 -1 -1 -1 -1 -1 -1 1 0 -1 -1 1 1 0 0 1 1 
1 1 -1 -1 1 0 0 -1 1 0 0 1 1 1 -1 0 1 1 1 -1 0 0 0 0 1 -1 -1 0 1 1 0 -1 1 1 -1 0 -1 0 -1 -1 -1 -1 0 0 0 0 1 -1 
0 -1 1 -1 -1 1 1 0 -1 -1 1 1 1 0 -1 0 0 0 0 -1 -1 0 0 1 0 1 -1 1 -1 0 1 0 0 0 1 1 -1 0 1 -1 1 1 1 0 0 0 0 0 
0 -1 -1 -1 1 0 1 -1 1 0 0 -1 0 -1 0 1 1 0 1 -1 0 -1 1 1 1 1 0 1 1 -1 0 -1 -1 0 0 1 -1 -1 1 1 0 0 0 1 -1 1 -1 1 
0 1 0 -1 1 -1 1 1 -1 0 -1 1 1 0 1 1 0 1 0 1 1 0 0 -1 0 1 -1 0 0 -1 1 0 1 1 -1 0 0 1 0 1 -1 0 -1 0 0 -1 0 -1 
-1 0 1 1 1 1 -1 1 1 -1 -1 0 1 0 -1 0 1 -1 -1 -1 0 0 0 -1 -1 0 0 -1 0 1 0 -1 0 0 1 1 0 1 0 -1 1 0 0 0 0 1 -1 -1 
-1 1 -1 0 0 -1 -1 -1 1 -1 -1 1 1 -1 0 -1 0 -1 0 1 0 0 1 -1 -1 0 1 -1 1 1 1 -1 -1 -1 -1 0 0 1 1 -1 -1 1 -1 1 1 -1 0 0 
1 1 1 1 0 1 1 0 1 1 -1 -1 0 -1 0 -1 1 1 0 0 1 1 1 1 -1 1 0 1 0 -1 1 -1 0 0 0 -1 1 0 0 -1 0 1 1 -1 0 0 0 0 
0 -1 1 0 0 -1 1 -1 1 0 1 -1 1 -1 0 -1 0 1 -1 -1 -1 1 -1 -1 1 0 -1 1 -1 0 -1 1 -1 0 -1 1 0 1 1 -1 -1 0 -1 0 1 1 -1 -1 
1 0 1 0 -1 1 1 1 1 1 1 0 0 0 0 -1 1 1 -1 -1 1 -1 0 0 -1 1 1 0 1 0 -1 1 0 -1 1 -1 -1 1 -1 -1 -1 0 -1 0 1 1 0 1 
-1 1 -1 -1 0 1 0 0 1 -1 1 -1 -1 0 1 1 1 0 1 1 0 1 1 1 -1 0 -1 0 -1 1 -1 1 -1 1 0 1 -1 0 0 -1 -1 -1 1 -1 -1 1 1 -1 
1 -1 -1 1 1 -1 1 1 1 0 -1 -1 0 -1 0 0 1 -1 1 0 1 0 1 0 -1 0 1 1 -1 0 -1 0 1 1 -1 1 -1 1 -1 -1 1 1 0 0 0 0 -1 -1 
-1 -1 -1 -1 1 0 0 1 1 1 0 1 1 -1 0 0 1 1 -1 1 0 1 1 1 -1 1 0 -1 -1 -1 1 0 0 0 -1 1 1 -1 1 -1 -1 1 -1 -1 1 1 -1 0 
0 1 -1 1 0 0 0 -1 1 -1 -1 0 1 0 1 1 1 -1 1 -1 1 1 -1 0 -1 0 -1 -1 0 1 -1 0 0 -1 1 1 -1 -1 0 1 -1 0 1 -1 0 0 -1 0 
-1 -1 -1 1 1 -1 1 1 0 0 -1 1 -1 1 -1 0 0 -1 1 0 -1 -1 -1 0 -1 1 1 -1 -1 1 -1 0 -1 -1 1 -1 1 1 -1 1 -1 -1 -1 -1 1 0 1 0 
0 -1 0 -1 -1 0 1 0 1 0 1 -1 1 1 -1 -1 -1 -1 0 1 0 0 -1 -1 -1 1 0 1 -1 0 -1 -1 1 -1 0 1 -1 -1 1 -1 1 -1 1 -1 1 1 1 0 
-1 1 1 0 -1 -1 -1 1 -1 1 -1 0 -1 0 1 -1 -1 1 1 1 -1 0 1 0 -1 1 -1 1 1 -1 0 1 1 1 0 0 1 -1 0 0 -1 0 -1 0 0 0 1 0 
0 1 -1 1 1 0 1 0 -1 0 1 0 -1 0 -1 0 -1 -1 1 1 -1 1 0 1 -1 0 0 0 -1 0 -1 0 -1 1 1 -1 1 -1 -1 1 1 0 1 -1 1 -1 0 -1 
1 0 -1 0 0 0 1 1 1 -1 -1 -1 0 1 1 1 1 0 0 -1 0 0 0 1 1 0 1 0 -1 1 1 -1 -1 1 0 -1 0 -1 1 -1 1 0 1 1 1 0 -1 1 
1 1 1 -1 1 0 1 -1 1 1 1 -1 -1 -1 1 0 1 0 -1 1 1 -1 0 0 -1 -1 -1 -1 0 0 1 1 -1 0 -1 -1 1 0 0 -1 0 1 1 -1 0 0 0 1 
1 -1 0 0 0 1 1 0 0 -1 0 -1 -1 0 1 1 -1 0 0 0 0 1 0 1 0 1 -1 1 1 0 -1 1 0 1 -1 1 0 1 0 1 1 0 1 0 1 1 0 -1 
1 1 1 1 0 1 1 1 -1 1 -1 0 0 1 0 1 1 0 1 0 -1 0 0 -1 1 -1 0 0 -1 0 0 -1 1 0 1 0 -1 -1 -1 -1 0 -1 -1 1 0 0 -1 1 
0 0 0 -1 1 1 -1 0 -1 1 1 0 0 0 0 -1 -1 1 1 1 1 -1 -1 0 0 1 -1 1 -1 -1 -1 1 -1 0 1 1 -1 -1 -1 0 0 1 -1 -1 -1 1 -1 1 
-1 1 -1 1 0 -1 1 1 1 0 0 -1 1 0 0 1 1 -1 0 1 0 0 1 1 1 1 1 1 1 0 1 1 1 0 0 -1 -1 1 0 0 0 0 0 0 -1 0 0 0 
1 -1 -1 0 1 0 -1 1 0 -1 0 1 0 -1 0 0 0 -1 0 0 1 0 -1 -1 0 -1 -1 0 1 1 -1 -1 -1 1 1 0 -1 0 0 0 -1 1 0 0 1 1 0 1 
1 -1 1 1 1 1 1 1 -1 1 0 -1 1 1 0 -1 0 1 0 0 -1 0 0 0 1 1 -1 1 1 -1 0 -1 -1 1 -1 0 -1 0 0 -1 0 -1 0 -1 1 1 -1 0 
-1 0 1 0 -1 -1 -1 1 -1 0 0 1 -1 1 -1 0 -1 -1 -1 0 0 0 -1 1 -1 -1 -1 1 1 -1 0 1 0 1 0 -1 0 0 1 1 0 -1 -1 0 0 0 1 0 
1 -1 1 0 1 1 0 -1 -1 -1 1 1 0 -1 1 1 0 1 1 0 0 0 -1 1 -1 -1 -1 1 0 -1 -1 1 1 1 1 0 -1 -1 -1 0 1 -1 0 0 1 0 -1 1 
1 0 1 0 1 0 1 1 1 0 1 -1 1 1 -1 0 1 0 1 1 0 1 1 0 0 -1 -1 0 1 -1 1 0 0 -1 -1 -1 0 0 -1 1 -1 -1 1 -1 0 1 1 1 
1 1 0 -1 -1 -1 0 0 0 -1 -1 1 1 0 0 0 -1 0 1 1 0 0 -1 0 0 1 1 1 -1 0 0 1 -1 -1 0 0 -1 1 0 0 -1 0 1 -1 0 0 0 0 
0 -1 -1 1 0 1 0 0 -1 -1 0 0 0 1 -1 -1 0 1 1 1 0 -1 0 0 -1 1 0 1 0 -1 0 1 1 -1 -1 0 0 -1 0 -1 1 1 1 1 0 0 -1 1 
1 0 0 0 1 -1 1 1 -1 0 0 1 -1 -1 1 0 -1 1 1 0 -1 1 0 0 0 1 -1 1 0 -1 -1 1 1 -1 1 1 0 0 0 0 0 0 -1 0 1 -1 0 0 
-1 0 1 -1 0 -1 0 -1 1 -1 1 -1 1 0 1 0 0 -1 0 1 -1 -1 1 1 0 1 1 -1 1 0 0 -1 1 1 -1 1 0 1 1 -1 -1 0 -1 0 -1 0 -1 1 
1 0 1 0 -1 0 -1 -1 0 -1 0 0 0 0 0 -1 0 0 1 1 0 -1 0 -1 -1 0 0 0 -1 0 -1 0 1 1 0 1 1 0 -1 1 -1 -1 0 0 0 -1 0 1 
1 -1 -1 0 -1 1 -1 -1 1 -1 0 1 0 1 0 1 -1 1 1 1 1 1 1 -1 -1 1 0 1 1 1 1 1 0 1 -1 1 1 -1 1 -1 -1 0 1 0 1 0 0 0 
-1 -1 -1 0 1 1 -1 1 0 1 -1 -1 1 -1 -1 0 0 -1 1 1 0 1 0 -1 1 1 -1 1 0 0 0 1 -1 0 -1 0 0 1 0 -1 0 1 0 0 0 -1 1 -1 
-1 1 -1 1 1 1 -1 0 0 -1 0 -1 0 -1 1 1 1 0 -1 -1 -1 1 -1 -1 0 0 0 0 -1 0 1 1 1 -1 -1 1 1 -1 1 1 0 0 0 1 1 -1 -1 -1 
-1 1 1 -1 0 0 -1 -1 0 1 -1 -1 0 0 -1 0 -1 -1 0 -1 1 0 1 -1 -1 1 0 -1 1 -1 0 0 0 0 1 0 0 0 1 1 1 -1 -1 0 0 1 1 1 
0 0 0 1 -1 1 -1 0 -1 -1 0 -1 -1 0 0 1 1 0 -1 0 0 1 1 -1 -1 0 -1 0 1 -1 -1 -1 1 1 -1 0 -1 0 0 1 -1 1 0 -1 -1 0 0 -1 
-1 -1 -1 -1 1 -1 0 -1 1 -1 -1 1 1 0 -1 1 0 0 0 1 1 -1 1 0 0 0 -1 -1 -1 -1 1 1 1 -1 1 0 1 -1 0 -1 -1 1 -1 1 0 0 1 -1 
1 -1 -1 -1 -1 1 0 -1 1 0 -1 0 0 -1 -1 1 -1 0 -1 0 1 0 1 -1 -1 0 1 0 1 -1 -1 0 1 1 -1 1 1 1 -1 0 1 0 0 0 0 0 1 1 
1 0 -1 1 -1 -1 -1 0 1 1 -1 1 0 1 0 0 0 1 0 -1 -1 0 0 1 0 -1 0 1 -1 0 -1 -1 0 -1 -1 1 -1 0 1 0 1 1 -1 -1 1 0 -1 -1 
-1 0 -1 1 0 -1 1 1 -1 -1 0 -1 -1 1 -1 0 -1 0 -1 1 -1 0 0 -1 -1 -1 0 0 -1 0 0 -1 -1 -1 0 -1 0 1 1 -1 0 0 -1 1 -1 0 1 0 
0 1 1 1 1 0 0 -1 -1 -1 0 0 1 0 0 0 1 -1 -1 0 1 1 0 1 1 1 -1 0 0 0 0 1 0 -1 1 -1 0 0 0 1 1 1 0 0 1 -1 0 -1 
0 0 0 -1 0 1 1 0 -1 1 -1 -1 1 0 -1 1 -1 0 0 0 0 1 0 -1 -1 -1 1 -1 -1 0 1 1 0 -1 1 -1 -1 -1 -1 0 1 0 1 1 1 1 -1 0 
0 1 -1 1 1 -1 1 0 -1 1 -1 0 1 0 1 1 1 -1 0 1 1 1 0 1 -1 0 1 1 0 -1 0 1 1 1 0 0 0 1 0 1 0 -1 0 0 -1 -1 0 0 
1 0 -1 0 1 1 1 1 -1 1 1 1 -1 1 0 -1 1 1 -1 1 1 -1 -1 1 0 -1 1 -1 1 1 0 0 -1 -1 -1 1 -1 -1 1 0 0 -1 -1 -1 0 -1 0 1 
0 0 0 0 -1 -1 1 -1 0 0 0 0 -1 1 1 1 1 1 0 0 1 1 1 -1 0 1 1 1 0 -1 -1 -1 -1 1 -1 1 1 0 0 0 0 -1 0 1 0 0 1 1 
1 -1 -1 1 0 0 -1 -1 1 -1 -1 0 0 1 1 -1 1 0 0 1 1 1 -1 1 1 0 -1 1 1 1 0 0 0 1 0 1 0 0 0 -1 -1 -1 0 -1 0 -1 -1 1 
-1 -1 0 -1 1 0 1 0 0 0 0 -1 1 0 0 -1 1 0 -1 1 -1 0 0 0 -1 -1 0 1 -1 0 0 0 -1 0 -1 -1 1 1 0 0 0 1 0 -1 1 -1 0 1 
-1 -1 1 -1 0 1 0 1 -1 -1 1 -1 -1 1 0 -1 1 0 1 -1 0 0 -1 -1 1 -1 1 0 1 1 0 0 -1 0 -1 0 1 -1 1 1 -1 0 -1 -1 1 1 -1 0 
1 0 0 -1 0 -1 1 -1 1 1 1 1 -1 0 -1 1 1 -1 0 -1 0 -1 -1 1 1 0 -1 1 0 0 -1 0 0 -1 1 -1 0 1 1 -1 1 0 1 1 1 -1 1 1 
0 1 0 0 -1 0 0 -1 -1 -1 0 -1 0 -1 1 -1 1 1 0 0 0 0 0 0 0 -1 1 1 0 1 -1 0 -1 1 1 1 1 0 1 0 1 1 1 1 0 1 1 -1 
0 -1 -1 0 -1 1 0 0 -1 0 -1 1 0 0 -1 0 0 -1 1 -1 -1 1 0 -1 1 -1 1 -1 -1 1 1 0 0 -1 0 1 1 0 -1 -1 1 1 0 -1 1 -1 0 1 
1 -1 1 -1 0 -1 -1 0 1 -1 -1 0 -1 1 1 -1 0 0 1 1 0 -1 1 0 0 0 0 -1 1 -1 1 1 0 1 1 0 0 1 1 1 1 1 0 0 1 -1 0 0 
-1 1 1 1 1 -1 -1 1 0 0 1 1 -1 0 1 -1 0 0 -1 0 -1 1 -1 1 1 -1 0 -1 1 1 -1 -1 0 -1 -1 -1 1 0 -1 0 1 0 -1 0 0 0 -1 1 
-1 -1 1 -1 -1 1 0 -1 -1 -1 1 0 -1 -1 0 1 0 1 -1 1 1 1 1 0 0 1 -1 -1 0 -1 -1 0 0 -1 0 0 -1 0 0 -1 0 0 0 0 1 -1 0 0 
0 1 0 -1 1 1 0 0 0 1 0 0 -1 0 0 0 0 1 1 -1 1 1 0 0 0 -1 0 0 -1 -1 0 -1 1 0 1 -1 -1 1 0 0 1 -1 -1 1 1 0 1 0 
0 -1 0 -1 0 -1 0 -1 -1 0 0 -1 0 0 1 -1 -1 1 -1 -1 1 1 -1 1 -1 1 -1 0 -1 1 0 0 1 1 0 -1 1 1 1 -1 -1 -1 -1 -1 -1 0 1 0 
-1 0 0 -1 -1 -1 -1 -1 0 1 -1 1 -1 1 1 0 0 -1 -1 1 1 0 1 -1 0 0 1 0 -1 1 0 -1 0 1 0 0 -1 -1 -1 1 -1 -1 0 1 -1 0 1 0 
1 0 -1 -1 1 0 0 0 1 -1 -1 0 0 1 1 -1 1 1 -1 0 1 1 0 -1 0 0 1 0 0 1 -1 -1 0 0 1 -1 0 1 -1 0 0 -1 -1 0 0 -1 0 0 
1 0 1 -1 1 1 -1 -1 -1 -1 -1 0 -1 0 1 0 -1 0 1 0 0 -1 0 1 -1 1 1 -1 0 -1 1 0 1 0 -1 0 -1 0 -1 0 0 0 1 0 1 1 -1 -1 
1 0 -1 -1 0 -1 1 1 0 1 0 1 1 -1 0 0 0 1 -1 -1 1 1 1 0 1 -1 1 0 1 0 0 -1 1 0 0 -1 -1 -1 -1 -1 1 1 1 -1 0 -1 1 -1 
0 1 1 -1 0 0 1 -1 0 0 0 -1 1 -1 1 0 0 0 0 1 -1 0 0 -1 0 1 1 1 1 0 1 0 0 0 1 1 -1 -1 1 1 -1 1 1 1 0 1 -1 0 
0 1 0 0 -1 0 1 -1 0 1 -1 1 1 1 0 0 -1 0 -1 -1 -1 -1 -1 -1 -1 0 1 0 0 -1 1 -1 0 -1 1 0 -1 1 -1 -1 0 -1 1 1 0 0 1 0 
1 1 1 -1 1 0 -1 -1 -1 1 0 1 0 0 -1 0 -1 0 1 0 -1 1 0 1 1 -1 -1 0 0 0 0 -1 1 1 1 1 0 -1 -1 -1 -1 0 0 1 -1 1 0 0 
1 1 0 1 0 0 -1 -1 0 1 1 0 -1 0 1 1 0 -1 0 -1 0 -1 0 0 0 1 0 -1 1 1 1 1 1 -1 1 0 1 -1 1 1 -1 0 -1 1 -1 1 1 -1 
0 1 1 1 0 1 0 1 -1 -1 0 0 -1 0 1 -1 0 -1 -1 1 0 1 -1 0 1 0 0 1 -1 1 0 0 -1 0 1 0 0 1 -1 -1 1 -1 1 1 1 1 0 1 
1 -1 0 0 1 0 -1 -1 0 0 1 -1 1 1 -1 1 0 -1 1 1 1 -1 1 1 1 0 1 0 -1 0 1 0 0 1 -1 -1 1 1 0 1 -1 0 1 0 1 1 -1 0 
1 1 0 1 -1 -1 1 0 0 1 0 -1 0 -1 -1 0 1 0 0 -1 0 -1 1 -1 -1 -1 -1 -1 1 0 -1 0 -1 1 -1 -1 1 -1 -1 0 1 0 0 1 0 -1 -1 -1 
-1 1 1 1 -1 -1 0 0 0 1 0 1 -1 0 0 1 0 0 1 -1 0 0 1 -1 0 0 -1 1 0 0 1 1 -1 0 -1 -1 0 0 -1 1 -1 -1 -1 1 -1 1 -1 -1 
0 -1 0 -1 -1 1 1 0 0 -1 0 0 0 0 1 -1 0 1 1 -1 -1 0 -1 1 0 0 -1 1 -1 -1 0 -1 1 1 1 -1 1 1 1 -1 0 1 1 1 -1 0 0 1 
0 -1 0 -1 0 1 -1 -1 -1 0 0 -1 -1 1 0 0 -1 1 -1 -1 -1 1 -1 0 0 0 -1 1 1 0 1 -1 0 1 0 1 -1 0 -1 1 0 0 -1 1 0 0 -1 -1 
0 0 1 1 -1 -1 0 0 1 -1 -1 0 1 -1 1 0 -1 0 -1 0 -1 0 0 1 -1 0 0 -1 0 0 0 1 -1 0 -1 1 0 0 -1 -1 1 -1 -1 0 1 1 -1 0 
1 0 0 1 0 0 -1 0 0 1 -1 1 0 1 1 0 0 0 0 0 1 -1 0 0 1 0 -1 1 0 0 0 -1 0 1 0 -1 -1 0 -1 -1 1 0 1 0 1 0 1 -1 
1 0 1 -1 0 0 1 0 0 -1 -1 1 -1 -1 -1 0 -1 -1 1 0 -1 0 -1 -1 -1 -1 -1 -1 -1 1 0 1 1 1 1 -1 1 1 0 0 0 1 -1 1 0 1 -1 0 
0 0 0 1 -1 1 -1 0 1 0 1 0 -1 0 0 -1 -1 -1 0 0 -1 -1 -1 0 -1 1 0 1 1 -1 0 -1 -1 1 -1 1 1 1 1 0 -1 -1 1 1 -1 -1 1 -1 
-1 1 -1 0 0 -1 -1 1 0 -1 1 0 1 1 1 -1 -1 1 -1 0 1 1 1 0 -1 1 -1 1 1 0 1 -1 -1 0 -1 0 -1 -1 0 -1 1 -1 1 0 0 -1 0 0 
-1 -1 0 0 -1 0 1 1 1 0 0 1 1 0 1 1 0 0 1 1 -1 0 -1 -1 0 -1 1 0 -1 0 -1 0 0 -1 1 1 0 0 1 1 1 -1 0 1 0 -1 1 0 
1 1 1 1 -1 1 1 -1 0 0 1 1 -1 -1 -1 1 0 0 1 1 1 -1 -1 0 -1 0 1 -1 -1 0 0 1 0 1 0 1 0 1 -1 1 0 0 1 1 0 0 -1 -1 
0 1 1 1 0 1 0 -1 0 1 -1 -1 1 -1 1 0 0 1 -1 1 0 0 -1 0 0 -1 -1 1 0 0 1 1 1 1 1 0 0 0 0 -1 0 1 -1 0 1 -1 0 0 
1 0 -1 0 0 1 -1 0 1 -1 1 0 -1 1 1 1 -1 -1 0 -1 0 0 1 1 0 1 0 0 1 0 -1 0 -1 1 1 0 0 -1 0 1 1 0 -1 0 1 1 0 1 
0 1 0 0 -1 -1 -1 0 0 1 -1 0 1 1 0 1 1 1 -1 1 -1 -1 1 -1 -1 -1 -1 -1 -1 -1 -1 1 1 0 -1 1 0 -1 -1 -1 0 1 -1 0 -1 0 -1 1 
-1 1 1 1 0 1 -1 -1 0 1 1 0 0 -1 -1 1 1 0 1 -1 1 1 -1 -1 0 -1 0 0 1 0 1 0 1 1 0 -1 -1 1 -1 0 1 1 0 -1 -1 -1 0 1 
-1 0 0 -1 -1 0 1 0 1 1 0 1 0 0 1 1 -1 0 0 -1 0 1 0 -1 -1 1 
1 -1 -1 1 0 1 0 1 1 0 0 0 0 -1 1 0 -1 1 -1 1 1 -1 -1 -1 1 -1 
-1 0 0 1 1 0 -1 1 1 0 0 1 1 -1 0 -1 0 -1 0 1 0 1 1 -1 -1 1 
1 0 0 0 0 1 -1 1 0 1 1 1 -1 1 0 1 0 0 0 0 1 -1 -1 1 1 -1 
-1 -1 1 0 -1 1 -1 1 -1 0 -1 1 0 1 1 0 1 -1 -1 1 0 -1 -1 -1 0 1 
0 0 1 1 0 1 -1 -1 0 -1 1 0 0 0 1 1 -1 1 1 0 1 1 -1 -1 1 1 
-1 1 0 1 -1 -1 0 -1 0 0 0 -1 1 -1 -1 -1 -1 1 0 1 0 1 1 0 -1 -1 
1 -1 -1 1 0 1 0 1 -1 -1 1 -1 0 0 1 1 1 1 0 -1 0 0 -1 0 0 -1 
1 1 0 0 -1 0 1 0 0 -1 -1 1 -1 1 0 0 -1 0 -1 -1 -1 0 0 1 -1 0 
-1 1 1 1 1 1 -1 0 -1 -1 0 0 -1 -1 1 -1 0 -1 1 -1 0 0 0 1 0 1 
-1 0 1 -1 1 1 1 -1 1 -1 -1 0 0 1 0 0 1 -1 1 0 -1 0 -1 1 -1 -1 
1 1 0 1 0 1 -1 1 -1 0 -1 -1 -1 1 1 -1 0 1 -1 0 -1 0 1 -1 0 0 
0 1 -1 1 0 1 0 1 0 0 1 -1 -1 0 1 0 1 0 0 0 1 0 0 1 -1 1 
1 1 -1 0 -1 -1 -1 -1 0 0 1 -1 1 1 1 -1 1 -1 1 -1 -1 -1 1 1 -1 0 
0 1 1 1 -1 1 1 0 -1 0 0 1 -1 1 1 1 0 0 -1 0 1 -1 0 1 0 -1 
-1 -1 1 1 -1 1 1 0 -1 0 -1 -1 -1 1 1 0 -1 0 0 1 1 -1 0 1 -1 -1 
-1 1 0 0 1 0 0 0 -1 -1 -1 0 -1 -1 -1 1 0 -1 -1 0 1 0 -1 -1 1 0 
-1 1 0 0 -1 1 1 0 0 0 -1 1 0 1 -1 1 1 0 0 0 1 0 0 0 1 0 
1 1 0 0 -1 1 1 -1 1 1 0 1 0 -1 1 -1 -1 0 1 -1 0 0 1 0 -1 0 
0 1 0 -1 0 -1 1 0 -1 1 1 -1 1 1 1 -1 1 1 0 -1 1 0 -1 1 0 0 
1 1 1 1 1 0 -1 1 1 1 1 -1 0 -1 -1 0 1 1 0 0 1 0 -1 1 1 -1 
0 -1 0 -1 1 -1 0 1 -1 1 -1 0 1 0 1 -1 1 0 1 0 1 1 -1 0 1 0 
-1 0 -1 -1 1 1 1 0 -1 0 -1 1 1 -1 1 -1 1 0 1 -1 -1 0 0 -1 0 0 
1 -1 1 1 1 -1 -1 0 0 -1 0 1 1 1 -1 1 0 -1 -1 -1 1 -1 0 0 1 -1 
-1 1 1 1 -1 0 1 0 -1 1 -1 0 0 0 -1 1 -1 1 -1 1 -1 1 -1 0 0 0 
0 -1 -1 1 1 0 -1 0 -1 0 1 1 0 -1 0 1 -1 0 -1 0 1 -1 1 1 -1 1 
0 -1 -1 -1 1 1 0 0 0 0 -1 0 1 0 1 0 -1 -1 0 -1 1 0 0 -1 1 1 
-1 0 1 1 -1 -1 -1 -1 0 1 1 0 1 1 1 -1 1 0 1 -1 -1 0 0 0 1 1 
1 0 1 -1 0 1 -1 -1 -1 1 -1 -1 1 1 0 1 -1 0 -1 1 1 1 0 1 -1 1 
-1 0 1 -1 0 1 -1 -1 1 1 -1 0 0 -1 1 -1 -1 1 -1 0 0 -1 0 -1 -1 0 
-1 -1 -1 -1 -1 -1 0 0 1 -1 1 1 1 -1 -1 1 -1 -1 -1 1 1 1 1 -1 0 1 
1 1 1 0 0 0 -1 1 -1 -1 0 -1 1 -1 -1 -1 0 0 0 1 0 1 0 0 0 0 
-1 -1 -1 1 0 0 -1 0 1 -1 0 1 1 1 -1 -1 0 -1 -1 -1 -1 1 0 -1 0 -1 
1 0 1 1 -1 0 1 0 -1 1 0 0 1 -1 1 1 1 -1 -1 0 -1 0 1 0 0 -1 
1 1 0 1 1 1 -1 1 -1 1 0 -1 0 0 -1 -1 -1 -1 0 1 -1 0 1 -1 -1 -1 
0 -1 -1 0 -1 0 0 1 0 -1 1 -1 -1 -1 0 1 0 0 0 0 1 1 -1 0 0 -1 
0 1 1 -1 -1 -1 1 1 -1 1 1 0 -1 -1 0 0 -1 1 0 1 0 1 0 -1 0 -1 
0 1 0 -1 0 0 1 1 -1 1 0 0 1 -1 0 -1 0 -1 -1 -1 -1 0 -1 1 1 1 
-1 -1 1 1 1 0 -1 1 0 1 1 1 1 0 0 1 -1 -1 -1 0 -1 0 1 0 1 0 
0 -1 -1 0 0 0 -1 1 -1 1 -1 -1 0 0 -1 1 0 1 -1 0 0 -1 -1 0 -1 0 
1 0 1 1 0 -1 0 1 -1 0 0 1 -1 0 0 -1 -1 -1 0 0 1 0 -1 -1 -1 1 
0 -1 -1 1 0 0 1 -1 -1 1 0 -1 -1 0 1 1 0 0 0 -1 1 -1 0 -1 1 0 
1 -1 1 -1 1 1 -1 1 -1 0 -1 -1 1 -1 1 -1 1 1 0 -1 -1 1 1 0 -1 1 
0 0 0 0 1 1 1 1 -1 1 1 -1 0 -1 -1 0 1 1 -1 1 0 -1 0 1 0 1 
-1 -1 0 -1 0 -1 -1 -1 -1 0 -1 -1 1 0 -1 1 -1 1 -1 0 1 -1 -1 1 -1 0 
1 -1 0 -1 0 -1 -1 -1 0 1 0 -1 -1 1 1 1 -1 0 0 1 0 0 -1 -1 0 -1 
-1 0 1 1 1 1 -1 0 1 1 -1 1 0 1 -1 1 -1 -1 0 0 1 1 0 -1 -1 -1 
1 0 1 -1 0 0 1 -1 0 -1 1 -1 1 1 1 -1 1 0 -1 0 0 0 0 -1 0 1 
