0 0 0 0 0 0 0 0 
0 0 1260 1701 2562 1692 1916 1884 
0 0 0 945 1638 1356 1496 1548 
0 0 0 0 1485 936 1236 1160 
0 0 0 0 0 396 576 620 
0 0 0 0 0 0 220 256 
0 0 0 0 0 0 0 80 
0 0 0 0 0 0 0 0 
0 1 1 1 1 1 1 
0 0 2 3 2 5 5 
0 0 0 3 3 5 3 
0 0 0 0 4 5 5 
0 0 0 0 0 5 5 
0 0 0 0 0 0 6 
0 0 0 0 0 0 0 
-1918 16326 16326 -1918 
-224 2016 2016 -224 
-1918 16326 16326 -1918 
-224 2016 2016 -224 
-1918 16326 16326 -1918 
-224 2016 2016 -224 
-1918 16326 16326 -1918 
-224 2016 2016 -224 
-1918 16326 16326 -1918 
-224 2016 2016 -224 
-1918 16326 16326 -1918 
-224 2016 2016 -224 
